100
100
100
100
70 8 59 7 98 88 14 97 58 46 94 97 42 66 37 38 58 23 53 70 46 75 0 96 27 31 69 56 29 75 96 95 13 4 72 44 85 86 74 36 4 95 95 49 6 85 14 4 46 98 69 72 84 34 11 79 65 93 68 5 50 3 70 58 86 12 51 95 28 66 15 58 51 31 91 61 41 99 19 52 78 25 25 31 63 88 21 73 24 33 66 95 70 69 25 27 26 17 33 8
53 11 44 84 51 41 48 89 30 41 70 78 77 78 61 39 83 23 96 8 73 69 16 67 32 81 16 25 33 76 15 15 33 7 90 17 43 65 80 75 50 6 23 14 1 34 44 71 10 2 94 66 18 96 16 62 86 59 85 51 10 82 3 97 34 84 31 12 78 95 68 45 41 47 3 25 11 33 66 15 68 20 25 36 61 86 18 89 90 70 14 17 24 39 31 59 43 32 95 54
97 82 57 50 42 29 78 59 72 83 9 42 43 28 97 9 39 33 15 68 31 47 46 75 36 65 72 12 58 67 1 40 44 85 91 50 70 66 58 66 37 59 59 35 49 9 37 84 29 33 63 78 13 39 32 45 68 92 25 7 56 68 24 89 16 6 26 63 94 31 32 19 70 65 43 24 55 62 62 99 69 4 36 98 79 66 61 35 39 96 80 29 82 96 41 56 6 43 96 56
58 50 7 20 94 56 36 64 56 90 56 71 11 16 47 63 80 63 92 61 67 6 45 32 39 36 2 9 73 60 47 53 82 42 60 31 65 60 75 20 92 57 34 52 89 82 65 14 69 97 91 78 48 22 3 12 92 62 66 4 1 55 2 37 24 22 40 27 33 54 4 23 40 32 66 62 48 71 63 61 41 13 46 27 77 72 62 77 51 6 63 56 48 30 75 70 17 32 58 21
3 19 62 15 8 56 71 1 39 26 40 45 37 51 35 19 96 15 43 63 33 19 14 44 72 65 58 56 69 2 4 21 64 48 25 45 45 11 18 67 52 36 17 76 57 98 9 84 88 18 73 53 11 22 5 37 11 84 23 3 84 77 98 71 14 6 19 85 58 57 93 7 34 77 68 92 6 33 21 96 19 2 87 1 73 57 72 80 48 85 37 85 75 22 92 48 4 20 22 8
77 30 93 95 90 85 42 32 2 95 96 42 34 90 74 80 93 13 67 94 38 3 94 21 77 30 0 62 67 56 51 96 74 67 45 92 21 88 94 82 97 37 33 80 28 97 80 26 53 64 54 49 98 43 57 46 45 85 26 96 86 6 79 29 64 97 19 13 62 12 59 87 30 65 61 19 46 22 55 57 95 35 90 29 36 4 67 6 10 90 33 66 24 30 92 52 21 52 83 9
0 32 69 27 66 37 11 48 89 39 29 34 9 38 51 37 51 86 58 34 2 38 12 96 19 12 49 61 55 89 14 52 59 72 63 7 28 53 61 0 68 29 35 33 82 90 31 24 17 5 92 1 41 21 89 56 74 9 8 49 6 79 33 18 44 33 52 15 7 79 52 54 95 73 49 40 48 28 36 12 91 27 85 51 1 29 99 21 34 92 55 31 77 65 2 57 66 37 52 4
82 22 23 24 94 4 62 57 90 60 3 33 22 10 31 47 12 69 54 93 66 79 48 0 9 57 97 81 68 92 29 66 16 49 16 60 62 90 64 89 12 86 52 20 63 58 82 0 44 5 60 15 53 46 55 89 81 40 33 25 5 41 62 63 10 64 44 49 69 6 68 63 22 83 42 69 16 10 51 97 75 32 92 75 2 81 88 59 40 74 84 42 58 79 94 71 97 10 65 75
46 22 42 4 95 1 38 12 41 28 52 97 7 60 83 9 36 76 60 7 17 70 78 43 82 66 61 53 69 20 84 98 92 32 95 7 90 6 16 12 89 65 95 19 15 11 33 24 46 35 50 41 48 77 75 10 37 42 58 22 96 1 65 1 57 56 11 10 31 97 82 79 18 22 81 96 19 34 6 69 38 42 89 4 38 14 78 6 55 41 27 76 85 87 6 31 0 47 98 43
11 28 2 12 63 12 77 52 44 10 11 32 39 17 87 53 0 8 94 4 37 5 46 2 56 48 49 49 42 46 97 83 52 82 48 1 61 25 47 85 2 60 46 79 1 94 19 70 53 39 94 87 98 30 67 96 40 55 50 63 67 74 79 66 62 83 33 37 17 2 32 29 39 80 22 14 19 29 24 20 28 71 93 90 13 51 95 8 69 44 23 18 95 27 54 93 91 71 16 19
19 66 2 25 23 53 92 51 71 7 83 90 35 27 87 21 24 41 31 49 52 75 10 62 88 39 69 65 15 52 67 83 72 29 21 2 99 1 6 50 9 44 60 96 98 27 18 91 72 94 96 1 25 91 49 36 65 84 53 39 93 46 73 39 2 84 67 41 75 51 61 6 94 97 0 79 8 46 74 40 93 9 61 98 20 77 13 80 91 63 51 67 1 5 94 79 6 96 10 72
8 3 31 41 22 86 87 71 98 66 96 3 51 37 96 79 72 21 66 45 33 30 29 16 47 30 3 97 28 57 50 54 28 11 28 5 96 70 13 7 47 2 1 61 68 10 21 60 25 82 91 54 20 77 90 23 36 75 71 15 64 84 15 9 93 79 16 71 79 70 58 41 29 99 55 43 15 44 20 97 71 18 45 16 62 96 0 69 99 88 84 32 14 82 33 68 59 18 68 74
7 83 18 15 47 42 31 27 87 16 53 40 9 76 7 3 8 84 67 46 53 2 5 82 1 85 71 50 38 61 67 5 44 9 91 98 10 99 37 57 59 33 18 16 88 94 26 99 17 92 10 58 4 69 20 60 33 41 62 35 7 30 53 53 94 12 70 23 97 32 43 6 42 6 10 44 89 53 9 93 7 49 75 92 26 81 89 74 74 6 60 10 22 72 90 98 54 21 21 89
34 78 93 19 36 70 2 80 14 62 54 29 29 0 4 21 99 4 52 57 78 36 13 97 32 71 52 59 29 81 61 50 45 85 4 22 37 75 78 16 87 86 64 72 67 50 27 56 88 7 21 57 6 39 15 83 62 44 32 33 19 24 35 48 22 18 39 46 98 10 4 56 97 71 69 2 8 51 21 52 52 49 35 29 28 63 91 16 94 34 62 41 55 68 45 30 56 40 56 43
93 15 77 62 64 81 38 30 57 43 8 57 97 36 33 38 74 43 94 76 27 59 40 31 9 94 7 82 46 20 66 42 99 57 6 34 26 47 1 17 89 93 65 69 57 19 97 55 72 61 95 26 13 99 16 26 12 94 88 5 53 3 1 71 47 17 89 23 92 37 87 42 8 75 93 28 76 55 90 82 13 4 59 71 51 7 82 93 13 63 28 70 59 24 85 67 54 45 41 12
92 44 98 94 30 59 98 0 67 74 5 96 98 96 8 48 57 12 40 66 53 30 40 59 51 3 60 80 59 50 38 13 26 62 47 36 88 85 83 46 44 27 34 26 15 64 63 18 48 0 0 25 95 64 8 0 77 49 10 61 93 14 68 3 21 23 84 92 35 37 90 54 71 34 68 10 85 28 43 49 75 36 68 50 22 20 84 60 49 99 46 36 86 50 41 99 50 21 62 40
98 31 18 41 73 84 28 94 45 82 97 47 93 13 92 28 30 24 26 30 88 87 46 87 14 77 51 46 37 39 89 24 95 22 52 70 9 54 22 65 55 52 22 17 48 34 92 92 19 83 37 66 16 56 13 34 66 39 40 35 6 74 91 81 14 81 4 15 11 59 59 71 40 68 41 22 59 61 33 31 90 5 17 44 51 28 92 23 47 26 27 9 54 8 24 73 2 44 22 13
94 86 49 2 6 96 89 22 35 72 88 43 24 24 10 85 90 63 68 6 18 21 96 20 78 71 59 11 97 52 88 38 47 90 2 93 40 26 37 6 71 17 48 39 76 6 10 71 87 32 49 15 66 65 83 91 51 86 45 95 69 33 32 25 65 70 0 1 66 88 4 64 63 10 32 87 90 75 89 55 35 34 50 39 75 19 19 91 69 14 92 71 55 72 98 39 51 55 95 26
27 24 88 3 89 87 60 23 38 87 92 60 33 78 86 87 64 47 33 5 80 46 45 90 72 12 30 35 94 67 64 29 72 98 90 35 78 64 53 41 62 48 55 88 42 52 88 23 35 71 73 84 50 52 99 65 72 29 35 98 5 9 22 97 0 56 96 68 18 0 93 35 10 12 50 99 14 66 11 33 36 58 85 64 25 79 59 11 0 90 7 0 15 22 6 26 37 95 66 62
73 8 77 68 20 17 35 79 48 44 26 61 66 88 27 23 87 2 12 73 1 44 39 1 61 7 80 14 26 19 48 44 62 93 75 33 34 30 57 39 52 29 97 0 31 17 16 41 66 72 58 15 55 69 53 66 47 99 28 76 11 27 92 1 74 61 65 81 23 92 79 72 15 29 90 37 78 89 4 39 15 23 85 76 94 12 68 60 78 19 92 10 73 81 12 41 87 49 79 38
55 62 62 67 82 64 4 81 98 6 18 58 60 81 82 29 61 87 32 2 32 45 43 91 57 35 48 31 83 74 51 52 95 91 81 59 21 96 33 43 49 68 74 57 95 40 21 71 98 73 72 49 10 37 74 41 22 82 73 13 95 22 49 88 29 5 38 33 64 89 51 58 47 21 66 36 98 26 3 84 21 16 38 48 51 48 40 69 65 10 20 34 87 50 3 47 15 26 64 21
87 19 31 21 33 78 19 71 61 32 11 73 27 9 79 54 55 61 53 20 61 29 89 92 61 63 90 85 48 3 58 75 0 59 76 16 7 40 58 85 19 97 50 48 2 58 43 93 1 35 94 22 91 22 53 45 57 2 84 95 46 43 58 74 93 78 53 60 66 43 8 7 24 54 22 8 51 63 96 2 70 35 39 56 59 60 93 43 76 60 76 26 36 47 51 57 37 93 4 56
37 34 45 19 2 55 34 61 78 49 79 1 57 30 26 51 63 80 73 58 62 71 33 54 14 89 97 36 87 38 69 26 26 85 5 57 35 53 26 8 24 46 31 26 35 6 47 1 82 10 74 97 25 41 5 78 72 19 79 76 9 97 97 73 94 47 97 54 30 99 66 91 9 54 27 66 44 27 13 1 58 82 87 43 73 93 73 50 66 82 60 60 53 35 16 59 56 48 91 41
66 29 48 41 38 53 1 57 86 51 66 33 91 17 95 67 45 34 77 57 34 76 44 14 57 79 0 63 28 23 50 6 78 84 71 2 19 8 50 89 21 63 7 88 28 22 93 38 62 23 94 32 38 72 27 72 47 37 46 18 12 62 45 98 95 41 55 0 64 25 70 85 76 35 57 69 25 62 63 67 58 43 30 38 78 60 52 16 45 61 83 94 62 73 1 52 70 76 55 97
5 20 38 39 8 59 5 92 95 32 85 22 60 34 0 52 72 80 18 29 65 44 47 43 63 10 24 63 90 60 14 30 21 13 53 10 19 27 96 51 36 17 9 65 57 13 25 59 10 36 94 19 5 2 18 73 92 4 17 42 81 42 89 92 36 78 42 91 39 3 77 54 52 67 22 80 95 5 20 5 26 77 39 76 78 1 81 42 80 37 44 14 76 38 47 39 14 57 96 31
92 69 98 27 87 3 92 84 94 70 5 78 38 83 78 96 76 35 36 95 78 27 76 95 85 70 1 79 56 96 79 31 44 6 42 9 64 41 37 73 99 9 68 33 10 20 3 12 52 86 98 20 59 86 28 8 8 19 13 57 9 71 84 81 2 13 66 97 25 9 35 65 54 88 11 70 89 5 82 5 2 75 55 71 48 55 2 56 54 68 34 3 24 52 2 30 96 40 57 34
74 37 26 88 24 90 75 82 36 9 36 77 42 30 54 15 93 8 79 89 72 55 69 82 23 92 36 37 71 94 87 55 48 95 81 80 59 30 15 10 47 52 74 73 98 62 10 29 67 7 75 19 21 43 33 32 96 88 25 48 95 17 34 1 25 96 49 92 82 65 48 47 94 85 67 6 82 82 20 96 45 20 41 57 24 13 27 96 24 28 9 65 89 91 28 14 81 58 73 85
73 68 66 99 11 28 11 89 40 94 57 85 17 79 84 97 26 95 66 18 74 29 9 63 25 58 97 72 86 61 22 96 83 37 74 96 80 11 67 34 18 80 61 88 81 68 98 47 25 77 38 79 48 34 9 99 42 31 67 24 38 29 12 83 35 40 79 93 14 84 23 70 88 42 5 20 95 10 44 87 39 18 14 43 72 66 64 38 55 38 23 25 54 10 64 83 25 76 7 38
17 40 18 9 23 93 17 21 28 95 48 53 96 2 39 56 12 46 8 88 10 86 52 54 8 46 9 75 98 19 51 5 85 90 2 55 26 95 82 6 46 45 25 84 11 30 56 9 40 15 28 59 56 15 88 7 71 25 77 97 73 29 90 19 53 81 78 36 90 20 41 15 6 18 67 29 86 87 30 53 33 63 17 23 82 95 35 80 40 60 50 42 66 90 22 64 98 22 4 64
77 59 78 43 68 80 41 79 38 73 51 86 12 83 24 20 11 63 75 2 96 38 75 57 44 95 64 61 60 96 73 28 99 57 97 6 9 36 12 81 99 11 6 18 54 61 84 61 26 79 32 63 96 31 93 27 60 25 54 68 76 75 7 79 95 94 13 4 99 95 61 96 7 52 0 73 95 8 83 38 40 23 1 42 69 49 53 60 87 76 75 23 73 10 42 3 37 93 97 0
78 48 4 28 94 33 54 84 29 81 49 96 40 65 22 79 79 45 95 94 59 56 41 98 93 69 50 56 83 60 61 28 45 91 54 75 12 39 9 28 44 12 93 93 44 33 49 45 57 85 27 72 53 15 14 30 84 20 96 57 3 16 20 53 89 70 1 89 49 31 22 30 0 54 0 28 82 2 58 95 42 93 76 48 92 9 46 51 19 36 30 21 45 40 64 55 80 60 85 75
43 85 25 87 75 56 64 59 20 92 71 10 11 55 72 25 12 62 94 92 83 41 54 99 34 39 73 79 78 39 39 51 2 30 48 89 54 14 48 12 44 5 53 4 9 85 81 81 61 22 89 87 39 61 29 2 9 50 0 56 30 20 84 42 20 74 12 30 91 41 5 19 85 74 24 89 2 28 41 37 5 9 4 32 72 54 73 81 46 59 79 65 19 65 5 93 92 11 3 13
58 97 28 19 50 7 17 52 27 95 27 21 21 70 87 62 20 55 28 48 82 10 62 31 72 33 97 93 49 64 22 19 0 23 64 61 17 31 11 35 89 71 4 78 44 50 98 36 82 23 91 72 17 39 16 68 81 12 7 48 64 87 63 21 3 46 61 25 89 97 55 42 34 92 44 31 10 18 74 57 36 80 94 86 78 7 36 75 30 29 78 57 25 2 39 31 80 68 33 35
43 37 66 0 90 85 55 13 13 58 32 82 47 54 79 43 72 12 39 2 80 83 34 2 58 25 21 14 44 89 7 5 41 79 79 88 95 10 69 43 76 14 9 91 35 97 6 6 61 29 31 28 28 95 4 50 4 45 66 76 9 96 15 59 0 90 9 83 61 18 20 4 15 56 41 40 96 51 69 65 47 82 41 23 68 91 99 54 58 66 70 63 37 81 80 51 21 29 46 81
13 37 5 48 38 33 96 49 8 80 1 55 20 39 42 80 44 18 39 21 65 22 28 76 97 4 96 14 13 38 68 5 40 88 92 91 33 11 47 62 50 69 68 58 9 20 4 60 58 43 68 87 3 28 4 51 80 93 81 80 56 88 6 69 20 1 40 40 75 3 89 40 33 30 14 88 13 10 9 64 58 54 59 17 85 89 27 54 8 30 80 1 13 78 72 75 16 38 13 14
53 8 38 65 44 94 66 47 99 19 1 12 50 82 87 14 86 62 30 47 83 25 77 84 94 48 43 86 20 80 83 75 33 91 7 22 4 54 97 50 47 21 24 64 1 91 82 96 88 85 73 50 21 77 74 6 91 36 18 84 12 10 92 81 70 43 55 38 11 4 93 89 97 11 21 55 86 89 60 51 71 26 52 10 53 15 17 57 75 74 85 55 44 49 19 69 96 27 0 69
78 73 66 61 23 64 97 37 62 31 67 40 9 82 75 31 7 76 77 0 48 78 11 14 39 50 14 3 73 0 70 56 20 96 92 21 45 22 70 27 83 93 16 13 80 7 30 23 26 62 6 2 11 99 71 81 36 11 72 47 1 14 80 51 98 67 90 84 75 73 64 50 97 80 52 50 89 5 11 4 31 86 20 91 24 42 95 31 73 32 55 1 29 19 34 91 71 83 57 48
96 8 76 26 37 23 34 1 29 58 20 87 54 6 39 73 59 73 63 21 12 80 78 98 31 78 62 51 77 39 9 64 30 97 27 56 40 1 62 90 34 85 14 67 39 50 58 57 66 41 13 50 1 98 96 63 52 8 72 70 96 94 65 2 3 76 78 62 38 64 61 29 46 63 61 87 96 94 87 36 58 92 89 92 29 39 33 39 26 68 16 89 40 74 71 58 92 53 25 78
74 47 65 93 83 97 7 72 52 60 96 41 19 22 52 9 71 27 16 67 84 42 78 26 77 25 50 27 92 23 39 54 24 41 22 65 15 4 78 63 14 14 24 90 77 9 42 99 11 49 19 90 31 46 24 33 88 91 47 4 57 22 41 18 6 67 38 74 5 18 26 0 56 94 32 72 44 85 19 1 58 22 66 53 90 20 18 57 86 32 40 59 62 88 10 62 7 90 95 19
13 68 87 6 14 99 27 59 92 72 28 77 11 65 24 72 51 66 1 24 51 72 10 39 33 77 44 43 2 1 21 15 69 65 16 47 68 73 75 2 28 23 31 15 44 6 83 46 90 71 54 20 11 99 65 88 89 73 30 18 99 0 19 15 88 29 39 68 44 4 64 44 65 55 70 4 24 13 39 72 10 93 58 74 83 82 22 88 90 69 39 63 40 13 99 9 12 59 8 65
60 82 10 57 9 69 12 78 89 32 99 31 31 27 8 36 8 59 65 0 40 39 56 81 39 47 61 28 41 98 57 26 20 32 86 94 25 94 87 81 61 32 92 68 64 32 11 11 48 49 56 57 46 54 22 24 92 65 11 88 94 65 98 83 72 55 79 43 83 50 50 88 82 35 14 3 15 16 14 3 0 62 82 17 10 16 20 2 48 81 52 24 47 2 98 44 23 9 87 11
49 72 6 63 90 3 27 13 96 32 29 54 5 9 93 35 89 31 61 38 71 99 91 54 31 98 90 50 6 97 74 7 77 58 3 58 10 41 15 93 63 5 97 16 3 16 81 15 37 16 14 25 2 81 46 9 94 63 45 16 24 80 7 73 78 59 74 5 74 21 79 83 64 93 62 99 63 61 36 19 31 47 84 30 18 7 10 10 50 28 75 11 95 68 82 96 23 2 32 95
99 51 34 24 2 25 81 8 25 48 6 62 15 12 48 77 8 91 3 71 53 73 10 51 43 47 78 7 59 50 70 48 39 4 0 15 93 13 45 35 68 72 3 13 53 31 39 56 76 9 66 87 59 71 16 61 86 70 92 4 6 62 53 89 84 69 6 14 85 31 87 62 26 48 28 40 57 54 83 47 30 21 50 30 42 93 62 90 54 14 53 57 55 25 46 62 87 66 28 44
61 3 1 38 66 28 40 19 6 2 1 84 45 25 85 2 93 56 93 96 99 49 44 37 79 13 87 87 36 94 59 22 8 51 6 4 46 51 11 46 15 41 34 81 40 70 86 2 99 3 7 96 10 41 73 96 18 0 37 43 68 56 64 11 36 87 36 72 89 32 8 2 2 63 43 80 58 77 65 70 26 35 26 12 43 16 34 62 97 53 95 7 98 72 23 78 46 68 83 44
34 90 67 61 14 19 17 58 87 64 30 89 24 3 86 35 10 95 33 21 6 21 71 93 7 66 42 71 69 21 54 41 5 95 54 9 81 29 16 16 53 55 36 46 18 73 72 58 74 42 83 40 65 68 71 52 13 8 27 88 47 10 7 34 69 53 3 52 7 8 21 55 67 23 22 99 46 16 48 54 29 21 17 52 0 36 30 83 95 39 67 20 21 71 90 34 31 44 1 80
95 36 55 46 75 73 79 88 6 83 45 79 44 56 99 8 85 43 66 18 48 87 53 20 91 53 94 85 11 91 69 10 90 99 65 95 71 88 93 90 12 2 19 85 49 51 20 71 20 6 66 10 51 55 21 62 18 18 24 59 43 59 46 8 62 8 53 35 16 66 57 79 85 81 81 68 28 42 0 36 88 52 26 64 88 28 31 44 99 19 45 9 49 82 27 61 11 49 73 38
65 42 78 68 23 96 69 19 52 55 64 62 56 44 71 71 98 61 21 29 15 11 30 7 85 55 8 55 5 74 58 75 70 62 33 57 81 85 70 63 77 80 64 64 21 12 44 98 79 67 30 39 10 15 74 62 78 57 62 68 24 81 80 34 97 58 88 24 78 31 12 64 26 31 52 10 36 69 19 21 9 99 19 38 66 58 19 33 61 76 47 35 93 73 12 30 31 14 17 92
75 99 64 59 90 77 14 44 37 26 68 74 25 70 21 25 53 18 37 31 44 10 49 8 88 74 49 79 92 47 41 87 27 18 15 27 6 53 24 96 97 27 34 79 40 46 18 88 86 46 90 48 82 24 3 90 98 98 18 85 30 63 43 32 2 68 34 18 18 7 88 81 41 75 86 55 8 75 93 86 16 34 30 82 45 18 48 61 64 1 10 20 34 13 14 45 13 6 2 26
61 95 24 21 83 13 77 60 4 81 53 86 95 40 37 78 41 98 80 77 24 24 77 51 51 86 89 85 56 46 23 72 49 75 61 98 23 17 47 37 64 68 55 49 41 87 64 60 2 35 61 41 9 98 55 84 35 19 58 46 10 1 82 40 44 11 22 56 48 81 8 90 27 86 85 51 4 76 2 68 17 42 47 17 44 86 57 84 38 43 10 65 69 11 35 77 26 95 9 13
32 28 30 61 87 35 97 36 5 62 77 29 15 99 1 53 14 27 84 81 31 9 46 73 38 6 61 34 17 66 47 99 72 75 48 10 81 70 58 16 4 75 48 62 47 74 78 80 20 54 93 12 95 36 39 42 45 6 37 34 3 28 19 89 38 86 98 98 88 93 34 8 86 25 61 2 47 97 19 59 84 99 3 19 49 3 83 80 54 75 83 12 81 49 72 71 65 72 56 26
91 7 32 59 36 69 24 79 56 31 78 18 2 41 20 99 77 23 21 52 29 19 60 12 76 48 18 62 73 59 53 88 32 71 68 25 73 16 96 78 70 94 43 71 11 41 71 98 92 91 48 64 17 30 76 59 41 1 6 88 7 11 10 83 98 44 17 8 29 76 89 93 65 68 41 94 42 33 37 61 84 74 62 77 32 34 46 90 7 19 73 81 91 14 47 32 93 72 0 12
63 27 88 7 33 39 90 55 74 81 23 71 85 77 30 57 55 85 51 15 81 75 90 63 39 6 48 97 28 92 20 28 29 10 76 86 53 12 86 75 58 91 38 9 74 36 64 24 94 90 14 82 54 12 20 36 77 14 46 24 83 4 2 79 28 43 46 48 60 7 19 78 48 39 19 27 32 8 7 32 25 86 93 60 15 80 61 47 25 83 38 43 47 89 93 78 27 95 24 20
86 69 10 26 61 20 39 27 86 82 65 5 80 8 95 95 57 95 68 4 4 95 77 86 34 91 8 23 13 30 97 32 30 6 81 59 59 63 68 42 27 4 12 94 62 53 73 50 72 74 92 46 27 29 44 59 71 16 89 26 44 17 79 26 36 3 70 48 57 72 20 32 29 22 71 96 66 31 98 60 24 60 20 17 49 75 4 48 89 52 74 14 19 8 10 24 77 89 47 83
73 83 40 17 38 6 48 45 68 33 26 63 91 96 86 22 67 64 22 92 40 50 53 99 75 62 33 58 38 86 13 39 78 96 68 83 56 46 68 8 51 36 10 75 25 93 28 4 82 56 14 62 22 70 54 95 41 58 20 53 7 97 60 57 65 51 4 69 79 86 38 7 7 50 18 77 17 96 35 28 98 65 39 3 25 27 28 1 88 93 92 60 62 89 93 96 9 75 3 60
89 62 40 91 11 89 26 36 64 63 91 38 51 76 82 37 50 42 24 34 46 45 73 10 90 7 28 46 20 6 41 54 65 86 64 72 86 14 50 83 21 19 14 7 61 51 84 53 29 97 12 67 67 6 3 35 59 23 14 32 84 26 91 25 63 42 89 7 46 45 42 76 94 59 76 4 49 89 75 69 11 19 88 74 82 67 9 79 54 86 7 57 38 70 20 22 16 35 83 39
10 99 84 66 13 53 97 54 58 44 21 79 34 22 7 73 4 53 68 97 45 71 90 56 1 44 81 16 30 98 65 82 16 4 6 38 24 13 23 0 31 97 0 70 39 3 29 83 52 23 69 71 37 37 91 91 3 74 82 28 35 74 96 75 93 10 80 15 24 30 68 1 25 51 80 43 46 53 1 79 88 70 46 14 91 69 87 57 76 13 79 14 88 82 51 32 88 87 52 40
92 69 56 94 11 0 76 84 0 93 59 34 68 24 46 16 75 29 38 15 59 90 0 8 92 40 44 35 74 90 54 59 95 55 21 63 23 63 48 67 20 26 91 5 94 38 46 67 86 10 27 77 78 14 54 85 48 85 5 44 38 16 6 54 68 62 43 34 31 63 95 57 63 10 70 21 88 36 56 29 45 11 53 78 85 88 29 76 12 34 38 31 7 27 9 46 83 77 45 95
68 9 72 86 65 97 71 86 47 54 24 3 72 92 4 40 19 72 53 36 69 32 15 67 45 8 90 83 53 11 90 58 14 77 70 27 99 88 24 3 65 50 66 5 14 36 63 7 72 15 32 41 86 49 28 60 35 47 67 42 64 44 0 86 5 63 15 5 50 70 97 58 53 13 57 78 89 60 13 4 82 72 1 33 41 46 63 11 0 16 18 91 29 53 4 59 12 77 33 56
83 88 90 75 27 95 43 24 91 41 31 76 88 22 89 54 40 30 8 40 90 74 40 39 49 73 81 34 3 64 2 3 36 83 96 4 69 84 39 77 52 31 1 82 42 31 15 55 37 11 53 36 86 35 4 56 96 95 99 21 34 94 74 25 19 29 33 53 77 75 13 58 34 55 15 66 43 22 98 18 71 40 47 98 36 72 78 0 73 36 12 77 47 78 14 21 98 97 25 6
58 91 12 59 96 36 40 4 26 3 89 9 14 42 16 63 20 84 47 44 40 68 37 35 68 34 33 88 11 92 2 46 58 17 46 54 17 72 81 31 14 61 37 12 91 36 23 60 76 86 47 61 76 93 84 41 66 33 75 16 6 65 42 75 30 47 98 49 66 65 75 56 42 66 15 62 63 74 68 26 35 60 26 17 36 61 62 0 46 30 19 38 64 69 84 49 86 14 9 97
67 43 44 42 31 75 29 0 27 89 63 18 5 49 21 87 88 10 81 69 72 0 47 4 58 4 32 92 31 26 62 70 98 22 32 18 7 41 35 65 26 28 12 41 37 59 58 2 48 35 46 71 55 42 56 4 62 83 26 92 70 19 73 64 94 34 25 19 29 46 10 51 88 90 23 82 83 48 17 92 20 20 23 34 94 16 86 5 44 78 33 74 61 20 28 23 39 96 9 2
62 68 90 38 33 43 29 91 68 29 0 3 13 6 11 83 75 43 48 29 50 86 70 32 92 72 88 22 63 70 68 80 29 5 25 38 1 78 9 38 21 89 42 63 74 45 40 46 17 91 18 96 75 39 33 9 64 92 52 19 50 80 32 0 69 77 30 30 70 84 12 35 62 40 93 73 14 4 9 96 11 26 98 56 34 23 85 58 3 54 0 43 8 85 57 54 35 66 79 71
18 19 16 99 76 8 42 27 84 94 68 13 57 45 31 28 81 46 15 21 61 12 2 41 43 54 89 16 30 37 99 60 22 72 10 54 56 56 32 26 94 76 51 87 92 45 26 20 79 30 82 66 43 41 42 4 76 27 23 74 99 26 41 38 12 73 50 66 80 95 37 93 38 45 78 46 14 41 28 25 0 37 59 65 44 12 69 29 92 89 45 40 65 88 13 43 42 56 75 54
93 71 63 60 88 19 62 8 71 91 89 87 13 89 16 74 43 8 37 94 74 96 18 12 18 4 42 41 18 81 34 67 50 80 12 98 28 31 52 62 58 57 24 11 29 82 3 77 88 30 95 49 21 73 84 1 78 71 4 85 17 61 35 36 95 44 7 44 61 63 90 65 46 19 53 76 28 28 15 38 84 92 49 1 72 17 35 62 68 54 11 90 49 59 68 35 51 86 66 7
46 39 84 45 43 20 65 30 83 3 72 13 57 69 28 59 92 45 0 8 49 77 87 17 83 55 70 87 56 39 72 30 15 33 82 95 15 54 89 9 53 33 63 93 72 39 46 1 53 37 41 51 25 87 75 65 81 11 53 43 2 6 6 19 69 95 60 90 71 54 58 21 82 4 69 21 52 69 36 96 86 51 81 91 23 64 31 89 22 95 47 95 4 47 52 34 50 32 63 90
90 11 2 29 49 57 18 99 45 74 66 59 45 80 57 61 87 95 84 15 88 27 98 67 45 59 90 28 2 97 54 33 6 63 73 7 65 65 53 88 65 21 1 10 3 10 47 99 51 36 11 88 90 94 2 65 10 81 14 86 40 72 99 15 5 37 4 85 80 21 6 1 0 84 84 95 96 95 61 72 21 94 65 39 46 83 95 27 33 87 18 94 27 68 16 17 54 69 12 9
88 58 58 56 53 76 40 44 14 20 60 69 50 10 73 81 97 54 36 60 65 42 81 86 50 41 51 47 15 49 31 88 48 30 26 30 87 11 98 85 32 84 36 97 60 73 10 45 66 35 79 85 74 25 50 97 12 77 77 48 79 23 18 49 57 1 69 15 78 83 18 63 88 90 61 68 95 53 84 13 14 31 51 83 33 8 62 52 89 61 26 52 83 61 44 74 42 67 80 53
40 54 89 2 35 41 63 8 91 98 1 64 63 47 62 70 61 18 27 9 42 28 41 76 81 4 36 4 81 39 53 37 38 44 39 70 77 69 51 38 48 33 13 75 37 95 51 82 65 96 7 36 21 55 37 15 3 70 79 10 39 10 6 8 27 31 18 17 44 61 91 78 11 62 59 84 69 30 3 87 69 74 11 40 47 68 86 21 90 3 94 52 71 85 79 96 82 68 57 85
69 78 50 85 8 72 48 24 21 52 77 86 7 29 62 84 71 73 60 30 11 81 4 61 17 71 8 55 7 63 78 21 54 22 47 83 13 4 1 60 91 45 89 38 67 8 48 96 60 92 40 10 70 35 9 24 23 54 4 22 52 56 78 50 67 81 18 32 64 66 62 53 74 64 22 49 61 33 69 2 96 21 72 68 65 12 47 99 8 44 91 27 34 73 85 98 14 63 94 26
37 83 78 93 19 25 0 75 7 57 11 11 32 12 69 22 96 30 40 80 21 60 51 10 41 71 40 66 86 93 52 86 99 71 18 65 73 14 50 0 24 73 58 26 22 17 70 78 54 16 36 27 89 45 9 70 11 98 59 53 87 44 87 91 43 85 16 47 70 23 39 16 20 22 25 26 93 23 58 10 61 90 66 93 38 93 54 91 85 74 39 67 67 40 27 90 20 84 51 26
48 84 35 64 91 39 70 9 41 40 63 96 56 34 19 26 0 79 71 43 33 55 90 60 3 45 3 6 98 25 63 72 5 19 30 86 40 5 69 51 64 92 39 10 50 87 8 38 65 26 32 45 67 34 42 21 75 13 73 37 66 5 61 84 63 29 8 25 59 81 39 89 88 27 5 93 61 91 23 6 26 67 41 53 49 15 21 32 13 99 56 56 56 44 68 74 2 90 58 93
99 72 8 27 41 15 51 0 89 63 59 19 27 66 39 71 74 28 7 17 99 91 96 45 62 59 78 97 2 9 97 93 3 71 8 8 66 95 27 3 3 97 99 8 45 59 15 75 2 35 90 13 18 60 94 55 19 90 17 83 9 52 78 4 84 78 90 48 8 66 40 79 13 50 22 83 36 34 15 12 10 9 84 95 18 30 59 26 59 93 83 86 83 29 86 59 73 62 8 42
79 55 11 63 83 48 27 64 94 69 84 99 31 7 7 89 78 43 75 76 33 29 26 68 42 73 39 45 11 55 58 69 22 15 2 6 39 93 16 72 62 80 30 45 12 96 81 76 73 89 32 6 27 95 80 26 0 44 28 74 90 70 23 74 33 92 94 91 83 4 9 90 36 23 70 22 69 15 74 4 16 21 71 83 62 46 86 65 21 78 85 32 85 80 32 4 49 91 47 95
21 24 82 19 75 35 36 82 78 89 48 67 57 69 85 69 46 33 15 93 92 87 24 8 78 46 34 59 7 10 11 33 46 27 74 26 20 77 0 15 42 1 99 27 13 21 24 14 10 88 93 87 15 64 42 41 55 28 39 23 89 33 62 62 71 39 43 12 78 43 65 76 27 42 50 89 43 32 92 92 36 59 41 88 12 70 79 77 99 52 13 6 66 33 72 31 94 64 0 5
26 20 64 30 85 30 86 92 82 8 86 68 11 57 47 74 9 85 27 75 68 93 14 48 54 78 97 67 4 71 86 71 3 66 69 30 43 98 31 1 33 63 7 20 41 72 98 8 83 36 59 57 47 5 35 49 95 64 30 95 20 37 80 39 44 39 31 89 71 1 76 85 16 45 4 58 59 97 71 51 46 11 91 30 47 89 84 11 32 49 39 70 87 66 77 23 33 75 42 35
99 76 96 51 6 6 41 81 18 15 20 36 15 46 71 39 56 96 27 17 19 60 6 78 49 21 93 15 45 50 27 33 6 49 67 94 16 62 35 46 68 31 64 31 35 52 61 31 37 50 21 82 85 40 93 63 98 66 7 25 68 56 98 65 57 75 74 80 59 31 58 23 7 98 56 0 27 54 59 25 32 98 90 18 47 43 98 49 84 94 62 28 59 47 3 75 17 25 78 34
80 69 32 98 54 82 19 51 58 36 11 11 68 68 37 40 24 5 19 25 90 11 78 11 13 47 45 36 56 25 19 1 21 81 61 77 44 77 59 84 98 73 89 69 14 68 38 28 59 40 79 70 49 57 94 75 64 68 33 70 55 76 50 38 75 17 82 37 78 16 39 85 50 34 82 20 45 38 4 22 45 77 86 57 64 63 68 43 58 84 79 47 62 44 6 60 90 40 62 15
16 83 15 83 68 60 7 12 80 41 98 38 62 6 87 55 8 93 78 10 70 51 81 28 14 25 7 18 20 10 83 27 29 48 85 5 66 46 21 76 61 55 17 83 98 33 98 23 42 76 12 2 8 74 56 58 86 58 87 38 69 96 17 59 76 19 55 83 95 10 59 12 55 42 54 93 99 20 69 10 85 71 42 31 54 52 22 3 30 67 75 27 87 96 29 13 0 9 19 48
45 91 98 13 33 12 95 79 57 97 35 37 96 73 54 68 95 15 94 87 16 26 62 46 63 82 91 82 18 55 41 79 76 53 94 14 20 62 16 6 4 31 86 66 41 67 53 11 32 58 26 21 91 70 17 55 65 54 67 20 52 69 87 16 23 84 46 0 53 76 11 18 83 62 52 18 41 69 95 60 54 17 47 44 19 90 83 86 94 53 58 58 50 97 17 70 66 88 62 14
48 80 60 51 73 93 78 97 76 6 44 34 73 72 5 23 94 94 37 32 42 33 49 57 27 19 44 70 71 8 13 59 40 26 72 89 79 30 34 98 8 52 96 16 10 21 37 47 48 85 69 33 79 21 11 44 70 10 61 33 8 49 19 52 14 36 82 38 91 28 71 59 18 55 69 86 54 61 51 3 9 26 67 19 32 85 2 16 80 77 39 77 45 88 60 49 82 9 14 68
98 77 5 21 79 75 28 61 86 31 55 48 27 89 16 83 47 42 47 95 29 29 39 37 32 25 84 80 45 50 32 4 52 51 13 49 22 29 98 10 0 90 16 91 95 23 26 88 95 97 29 33 58 43 42 38 93 94 88 15 55 50 45 10 16 69 18 28 73 4 86 12 15 98 80 66 2 17 11 43 63 43 42 26 34 33 91 14 62 18 52 63 7 38 16 88 97 58 64 60
37 19 25 36 83 41 30 99 29 37 83 70 23 29 77 98 88 40 98 34 90 64 61 16 83 21 62 26 96 38 26 62 18 72 17 25 22 17 71 42 78 86 63 55 98 23 16 17 65 26 42 61 8 74 52 69 49 26 67 15 95 14 87 30 18 40 0 7 29 37 0 37 37 90 3 3 57 2 81 58 94 24 83 69 33 33 34 58 77 72 30 50 32 90 59 9 3 6 16 70
75 6 29 55 78 44 22 90 76 95 45 44 6 66 90 57 54 65 82 89 51 37 5 22 24 47 5 91 54 87 32 92 77 84 47 24 69 25 19 44 43 62 55 53 90 36 25 32 17 92 82 99 6 46 22 68 77 39 4 55 34 21 3 40 15 61 35 22 27 63 97 5 45 48 55 55 21 60 8 13 20 25 70 2 68 98 34 53 87 83 79 70 48 35 46 77 39 91 24 59
74 75 41 77 66 13 40 68 6 37 46 63 27 63 78 25 90 54 79 19 14 62 59 91 13 77 98 91 72 12 19 81 4 89 33 6 8 36 20 0 41 71 10 87 10 4 36 85 57 21 84 23 25 95 59 91 86 93 92 43 75 38 69 13 50 91 92 37 20 95 67 24 64 97 3 74 42 8 15 3 65 46 23 33 6 38 36 18 14 43 25 88 42 27 29 40 93 53 44 36
62 24 70 54 24 95 85 84 0 87 1 67 31 63 22 11 46 52 38 12 69 87 44 3 58 61 47 24 36 30 37 54 93 80 68 71 59 50 67 53 77 17 47 82 62 47 23 94 2 26 56 60 96 82 45 39 49 14 92 14 75 20 55 50 59 11 14 61 22 89 43 66 10 67 76 63 11 89 7 60 70 3 71 92 50 91 46 8 58 91 81 7 21 48 82 17 22 27 26 92
81 67 14 97 48 68 56 53 7 89 75 15 70 86 74 65 29 90 81 89 20 84 9 18 45 25 76 2 69 27 56 66 49 48 5 31 73 16 85 32 2 24 30 15 34 52 37 42 70 72 10 58 74 51 80 32 98 71 78 19 11 99 89 63 7 87 82 68 69 84 23 72 72 39 42 35 23 2 18 22 75 9 10 2 17 2 63 99 76 93 28 21 84 28 65 79 98 4 46 95
0 99 89 85 38 80 55 61 78 77 28 84 68 52 52 28 47 28 63 50 3 18 13 56 52 43 47 88 99 96 70 9 62 59 5 20 66 86 76 40 9 71 91 18 10 54 51 16 75 77 43 79 59 49 0 92 80 76 63 38 61 57 38 68 53 79 29 6 84 5 5 40 77 92 6 46 42 44 44 80 55 79 74 1 93 48 70 55 54 50 25 95 11 16 61 42 54 39 8 8
11 62 35 16 68 25 6 2 22 47 30 0 89 53 69 50 51 58 15 69 8 90 75 58 5 34 91 69 53 78 21 92 69 35 3 42 30 56 93 79 50 34 43 93 12 44 39 19 58 44 15 95 11 20 74 45 86 24 5 52 24 38 46 57 88 28 76 88 45 86 48 37 2 30 78 57 40 88 88 6 68 74 97 91 95 76 35 95 17 10 20 36 67 16 18 83 28 62 54 50
86 6 36 22 76 47 83 59 40 92 8 91 44 9 34 8 69 25 32 45 8 67 99 62 68 50 80 1 37 67 59 85 20 18 21 92 87 78 3 25 16 31 46 1 4 48 14 70 81 96 29 15 47 98 61 38 71 50 37 21 95 6 17 50 25 69 78 37 90 42 27 25 81 66 52 12 67 21 54 40 60 56 14 41 58 54 81 75 78 28 41 87 30 17 12 84 91 6 70 73
89 25 63 80 11 0 34 60 34 25 66 92 27 4 55 21 73 14 30 20 85 97 35 79 11 42 31 32 2 19 61 39 40 24 27 26 19 73 38 20 83 70 94 97 72 49 25 43 6 79 19 78 50 17 18 76 85 62 93 48 32 12 76 53 53 2 54 48 38 35 88 30 25 58 12 72 90 7 81 78 90 45 73 69 99 18 62 96 46 35 12 69 8 25 47 58 77 4 98 26
57 18 44 27 9 49 4 59 57 32 91 80 99 93 64 77 68 73 83 72 47 7 99 58 29 47 26 43 5 68 27 11 21 41 41 7 90 68 73 59 79 66 64 88 85 72 48 8 25 64 86 53 7 8 57 73 36 78 78 99 35 48 42 71 99 85 67 39 50 59 49 19 96 35 37 48 54 15 11 39 71 86 97 95 27 92 24 20 81 32 0 19 66 99 69 84 11 5 12 31
4 92 26 62 60 57 57 77 13 72 18 15 3 6 62 88 87 58 59 11 12 38 58 2 65 35 75 64 98 88 22 19 42 66 99 6 45 80 75 76 42 73 78 30 45 9 68 40 78 30 84 28 19 98 71 43 15 17 82 1 24 61 18 85 14 40 80 52 31 51 96 55 57 7 55 4 24 19 13 73 29 61 24 9 42 34 87 46 49 17 39 33 80 22 92 5 96 80 29 6
21 61 26 70 9 86 61 44 27 95 34 26 82 23 13 25 31 82 5 46 5 61 81 49 14 22 77 89 78 25 19 62 57 48 42 38 69 65 55 66 6 28 88 90 51 31 16 65 71 85 71 85 14 63 24 1 41 1 21 23 85 74 1 40 6 79 56 99 20 63 24 48 63 78 92 85 67 44 28 31 81 86 4 75 55 19 64 61 87 63 37 59 10 83 71 26 49 46 44 37
28 86 12 11 97 91 73 94 81 86 47 89 53 19 76 50 30 18 67 34 85 60 95 77 15 33 17 88 90 74 33 98 60 88 53 93 18 15 87 67 91 43 66 92 44 2 22 21 61 21 0 66 83 24 24 28 61 47 26 90 1 43 78 79 45 9 17 17 25 21 86 49 2 84 76 28 23 84 50 26 54 81 82 19 72 91 44 39 63 99 29 19 35 78 9 51 86 17 43 34
90 52 49 34 40 41 47 19 35 12 15 16 41 18 65 21 37 3 83 61 21 51 13 82 98 98 94 89 27 90 15 59 88 38 77 97 72 70 75 29 86 62 57 44 52 29 3 79 67 67 85 61 72 30 68 86 6 78 78 47 22 22 21 69 96 98 30 36 30 64 22 30 92 53 81 42 18 56 58 52 89 51 87 92 92 93 66 35 31 43 12 71 8 49 97 3 52 45 70 46
48 95 85 83 72 44 35 42 33 69 73 70 69 53 75 95 71 93 18 33 63 7 0 93 73 98 29 24 14 49 12 74 58 35 95 56 39 66 40 26 48 44 11 27 81 11 72 87 84 73 15 19 92 64 80 98 80 71 25 40 77 15 41 20 57 21 74 23 46 72 43 57 88 8 51 86 94 70 14 58 16 13 47 22 41 18 68 1 85 94 97 48 60 92 71 85 65 65 81 43
38 63 77 70 26 19 75 93 6 95 60 2 70 42 71 36 97 1 9 11 33 26 33 15 54 49 35 4 6 75 69 36 54 7 83 67 62 22 76 7 54 48 30 11 21 89 17 7 83 0 13 98 44 94 23 56 74 72 19 4 93 13 38 45 75 90 98 63 13 9 94 50 21 60 46 80 12 64 46 98 18 97 70 68 26 17 7 98 71 64 92 97 56 39 92 81 91 59 72 63
61 10 62 6 60 37 82 99 46 43 82 68 68 17 64 56 34 34 14 65 24 70 90 95 12 58 28 30 85 98 83 87 17 39 14 68 98 72 59 70 70 95 53 36 41 16 38 87 46 56 50 66 56 49 96 76 50 22 98 56 9 79 41 15 44 16 51 84 64 53 2 58 92 51 17 9 74 52 38 6 87 60 68 3 85 87 2 33 12 28 55 29 79 70 59 36 43 44 4 20
74 27 26 78 64 74 62 33 72 84 84 22 75 66 50 45 85 21 78 22 92 11 57 14 24 76 20 17 63 56 78 65 91 90 18 26 11 25 13 39 47 22 10 89 14 43 23 51 45 65 93 13 17 73 74 27 50 86 51 11 35 93 87 50 63 4 5 15 74 22 11 36 84 90 45 31 89 13 77 81 81 21 43 47 17 16 73 62 18 62 76 81 29 63 12 66 7 80 46 82
65 71 88 51 85 1 0 36 72 7 49 86 21 19 7 57 75 56 0 59 9 91 16 44 71 10 75 0 44 10 64 59 56 64 10 21 8 79 26 31 23 92 53 33 15 28 6 4 56 41 39 69 97 12 91 97 86 68 96 43 70 34 19 21 15 43 67 83 91 59 10 40 6 71 18 6 58 31 19 73 3 84 10 46 70 70 87 92 64 29 75 1 23 14 70 19 86 66 66 9
